[gd_scene format=3 uid="uid://c0pdd5h0w5j37"]

[ext_resource type="Script" uid="uid://d1jwapkumdp1u" path="res://addons/simusdev/SimusNet/SimusNetTransform.gd" id="1_0x4ww"]
[ext_resource type="Script" uid="uid://dr7jl33gul3i1" path="res://mods-unpacked/zxcvlxd-core/src/scripts/entity/custom/W_Player.gd" id="1_s4s1d"]
[ext_resource type="Script" uid="uid://cfilme5kxn4sj" path="res://mods-unpacked/zxcvlxd-core/src/components/state_machine/BaseStateMachine.gd" id="2_y7wft"]
[ext_resource type="Script" uid="uid://dck04kaaxp88c" path="res://mods-unpacked/zxcvlxd-core/src/components/entity/movement/BaseCharacterMovement.gd" id="5_ae415"]
[ext_resource type="Script" uid="uid://cnheeh51ut4ho" path="res://mods-unpacked/zxcvlxd-core/src/components/entity/movement/MovementState.gd" id="5_h5pkk"]
[ext_resource type="PackedScene" uid="uid://cmae87vm4j8f8" path="res://mods-unpacked/zxcvlxd-core/src/models/skeleton/animated_model.tscn" id="5_jiu30"]
[ext_resource type="Script" uid="uid://x51q53nn04es" path="res://mods-unpacked/zxcvlxd-core/src/components/entity/PlayerHead.gd" id="7_h5pkk"]
[ext_resource type="Script" uid="uid://hso2ju3bqqww" path="res://addons/simusdev/SimusNet/SimusNetIdentity.gd" id="7_sdsu3"]
[ext_resource type="Script" uid="uid://b6denlouq17uw" path="res://mods-unpacked/zxcvlxd-core/src/scripts/world_object/viewmodel/ViewModelRoot3D.gd" id="8_dufgj"]
[ext_resource type="Script" uid="uid://u84lpd488cwl" path="res://mods-unpacked/zxcvlxd-core/src/components/entity/C_EntityFootsteps.gd" id="8_flkvu"]
[ext_resource type="Resource" uid="uid://cbkadwl124nx0" path="res://mods-unpacked/zxcvlxd-core/src/objects/basketball_ball/basketball_ball.tres" id="9_t483b"]
[ext_resource type="Script" uid="uid://c30gc2bkifa8w" path="res://mods-unpacked/zxcvlxd-core/src/components/ViewModelShake3D.gd" id="10_goy0h"]
[ext_resource type="Script" uid="uid://dwd0ahnw8rjgl" path="res://mods-unpacked/zxcvlxd-core/src/components/C_ViewModelSway.gd" id="11_12alp"]
[ext_resource type="Script" uid="uid://skm08tu2sqki" path="res://mods-unpacked/zxcvlxd-core/src/components/C_NodeNetworkVisibility.gd" id="12_sdsu3"]
[ext_resource type="Script" uid="uid://snig3fifk5co" path="res://mods-unpacked/zxcvlxd-core/src/components/inventory/C_Inventory.gd" id="13_o2j7e"]
[ext_resource type="Script" uid="uid://jpw2gx44u3hk" path="res://mods-unpacked/zxcvlxd-core/src/components/interaction/C_InteractionRay.gd" id="13_u44up"]
[ext_resource type="Script" uid="uid://8hb14ep8irja" path="res://mods-unpacked/zxcvlxd-core/src/components/inventory/InventorySlot.gd" id="14_vdjqi"]
[ext_resource type="Script" uid="uid://7mtju6gx8jbv" path="res://mods-unpacked/zxcvlxd-core/src/components/inventory/ItemStack.gd" id="15_4g4hw"]
[ext_resource type="Script" uid="uid://blvex1oeocxkg" path="res://mods-unpacked/zxcvlxd-core/src/prefabs/C_PlayerInventoryUI.gd" id="18_u44up"]

[sub_resource type="CapsuleShape3D" id="CapsuleShape3D_ae415"]
radius = 0.3
height = 1.7

[sub_resource type="Resource" id="Resource_3jt8f"]
script = ExtResource("7_sdsu3")

[sub_resource type="Resource" id="Resource_s6087"]
script = ExtResource("7_sdsu3")

[sub_resource type="Resource" id="Resource_ykvms"]
script = ExtResource("7_sdsu3")

[sub_resource type="Resource" id="Resource_ujtsc"]
script = ExtResource("15_4g4hw")
object = ExtResource("9_t483b")
metadata/_custom_type_script = "uid://7mtju6gx8jbv"

[sub_resource type="Resource" id="Resource_gak78"]
resource_name = "HotBarInventorySlot"
script = ExtResource("14_vdjqi")
item_stack = SubResource("Resource_ujtsc")
tags = Array[StringName]([&"hotbar"])
metadata/_custom_type_script = "uid://8hb14ep8irja"

[sub_resource type="Resource" id="Resource_sdsu3"]
resource_name = "HotBarInventorySlot"
script = ExtResource("14_vdjqi")
tags = Array[StringName]([&"hotbar"])
metadata/_custom_type_script = "uid://8hb14ep8irja"

[sub_resource type="Resource" id="Resource_u44up"]
resource_name = "HotBarInventorySlot"
script = ExtResource("14_vdjqi")
tags = Array[StringName]([&"hotbar"])
metadata/_custom_type_script = "uid://8hb14ep8irja"

[sub_resource type="Resource" id="Resource_xyh7o"]
script = ExtResource("14_vdjqi")
metadata/_custom_type_script = "uid://8hb14ep8irja"

[sub_resource type="Resource" id="Resource_bj6mi"]
script = ExtResource("14_vdjqi")
metadata/_custom_type_script = "uid://8hb14ep8irja"

[sub_resource type="Resource" id="Resource_2epga"]
script = ExtResource("14_vdjqi")
metadata/_custom_type_script = "uid://8hb14ep8irja"

[sub_resource type="Resource" id="Resource_nwlm2"]
script = ExtResource("14_vdjqi")
metadata/_custom_type_script = "uid://8hb14ep8irja"

[sub_resource type="Resource" id="Resource_oyvxu"]
script = ExtResource("14_vdjqi")
metadata/_custom_type_script = "uid://8hb14ep8irja"

[sub_resource type="Resource" id="Resource_tkfda"]
script = ExtResource("14_vdjqi")
metadata/_custom_type_script = "uid://8hb14ep8irja"

[node name="Player" type="CharacterBody3D" unique_id=507290672]
script = ExtResource("1_s4s1d")
metadata/_custom_type_script = "uid://dr7jl33gul3i1"

[node name="CollisionShape3D" type="CollisionShape3D" parent="." unique_id=1241226587]
transform = Transform3D(1, 0, 0, 0, 1, 0, 0, 0, 1, 0, 0.84999996, 0)
shape = SubResource("CapsuleShape3D_ae415")

[node name="SimusNetTransform" type="Node" parent="." unique_id=941694401 node_paths=PackedStringArray("node")]
script = ExtResource("1_0x4ww")
node = NodePath("..")
tickrate = 64.0
metadata/_custom_type_script = "uid://d1jwapkumdp1u"

[node name="BaseStateMachine" type="Node" parent="." unique_id=260758442]
script = ExtResource("2_y7wft")
metadata/_custom_type_script = "uid://cfilme5kxn4sj"

[node name="Idle" type="Node" parent="BaseStateMachine" unique_id=392168684]
script = ExtResource("5_h5pkk")
state_speed = 0.0

[node name="Walking" type="Node" parent="BaseStateMachine" unique_id=1658073302]
script = ExtResource("5_h5pkk")
state_speed = 2.5

[node name="Crouched" type="Node" parent="BaseStateMachine" unique_id=1559292824]
script = ExtResource("5_h5pkk")
state_speed = 0.0

[node name="CrouchedWalking" type="Node" parent="BaseStateMachine" unique_id=2013884075]
script = ExtResource("5_h5pkk")
state_speed = 1.0

[node name="Running" type="Node" parent="BaseStateMachine" unique_id=1113344559]
script = ExtResource("5_h5pkk")
state_speed = 5.0
acceleration = 6.0

[node name="Floating" type="Node" parent="BaseStateMachine" unique_id=1059806965]
script = ExtResource("5_h5pkk")
state_speed = 1.0
friction = 0.0
metadata/_custom_type_script = "uid://cnheeh51ut4ho"

[node name="BaseCharacterMovement" type="Node" parent="." unique_id=2085185365 node_paths=PackedStringArray("state_machine")]
script = ExtResource("5_ae415")
state_machine = NodePath("../BaseStateMachine")
jump_force = 6.0

[node name="AnimatedModel3D" parent="." unique_id=188275085 node_paths=PackedStringArray("actor_state_machine") instance=ExtResource("5_jiu30")]
actor_state_machine = NodePath("../BaseStateMachine")
metadata/SimusNetIdentity = SubResource("Resource_3jt8f")
metadata/SimusNetRPCConfigHandler = Object(RefCounted,"script":Resource("res://addons/simusdev/SimusNet/singletons/SimusNetRPCConfigHandler.gd"),"_list_by_name":Dictionary[StringName, Resource("res://addons/simusdev/SimusNet/singletons/SimusNetRPCConfig.gd")]({
&"local_play_item_animation": null,
&"local_stop_item_animation": null
}),"_list_by_unique_id":Dictionary[int, Resource("res://addons/simusdev/SimusNet/singletons/SimusNetRPCConfig.gd")]({
0: null,
1: null
}),"_callables":Dictionary[StringName, Callable]({
&"local_play_item_animation": Callable(),
&"local_stop_item_animation": Callable()
}),"_object":Object(Node3D,"unique_name_in_owner":false,"process_mode":0,"process_priority":0,"process_physics_priority":0,"process_thread_group":0,"physics_interpolation_mode":0,"auto_translate_mode":0,"editor_description":"","transform":Transform3D(1, 0, 0, 0, 1, 0, 0, 0, 1, 0, 0, 0),"rotation_edit_mode":0,"rotation_order":2,"top_level":false,"visible":true,"visibility_parent":NodePath(""),"script":Resource("res://mods-unpacked/zxcvlxd-core/src/scripts/animation/BaseAnimatedModel.gd"),"actor_state_machine":Object(Node,"unique_name_in_owner":false,"process_mode":0,"process_priority":0,"process_physics_priority":0,"process_thread_group":0,"physics_interpolation_mode":0,"auto_translate_mode":0,"editor_description":"","script":ExtResource("2_y7wft"),"networked":true,"metadata/_custom_type_script":"uid://cfilme5kxn4sj")
,"tree_state_machine_path":&"parameters/StateMachine/playback","tree_state_machine":null,"_process_properties":Array[Resource("res://mods-unpacked/zxcvlxd-core/src/scripts/animation/AnimatedModelProperty.gd")]([null, null]),"_physics_properties":Array[Resource("res://mods-unpacked/zxcvlxd-core/src/scripts/animation/AnimatedModelProperty.gd")]([]),"actor_blend_position":Vector2(0, 0),"actor_velocity":Vector3(0, 0, 0),"root":Object(CharacterBody3D,"unique_name_in_owner":false,"process_mode":0,"process_priority":0,"process_physics_priority":0,"process_thread_group":0,"physics_interpolation_mode":0,"auto_translate_mode":0,"editor_description":"","transform":Transform3D(1, 0, 0, 0, 1, 0, 0, 0, 1, 0, 0, 0),"rotation_edit_mode":0,"rotation_order":2,"top_level":false,"visible":true,"visibility_parent":NodePath(""),"disable_mode":0,"collision_layer":1,"collision_mask":1,"collision_priority":1.0,"input_ray_pickable":true,"input_capture_on_drag":false,"axis_lock_linear_x":false,"axis_lock_linear_y":false,"axis_lock_linear_z":false,"axis_lock_angular_x":false,"axis_lock_angular_y":false,"axis_lock_angular_z":false,"motion_mode":0,"up_direction":Vector3(0, 1, 0),"slide_on_ceiling":true,"velocity":Vector3(0, 0, 0),"max_slides":6,"wall_min_slide_angle":0.2617994,"floor_stop_on_slope":true,"floor_constant_speed":false,"floor_block_on_wall":true,"floor_max_angle":0.7853982,"floor_snap_length":0.1,"platform_on_leave":0,"platform_floor_layers":4294967295,"platform_wall_layers":0,"safe_margin":0.001,"script":ExtResource("1_s4s1d"),"metadata/_custom_type_script":"uid://dr7jl33gul3i1")
,"model_scene":Resource("res://mods-unpacked/zxcvlxd-core/src/models/skeleton/skeleton.fbx"),"library":Resource("res://mods-unpacked/zxcvlxd-core/src/models/skeleton/animation_library.tres"),"blend_tree":Resource("res://mods-unpacked/zxcvlxd-core/src/models/skeleton/blend_tree.tres"),"setup_model":false,"model":Object(Node3D,"unique_name_in_owner":false,"process_mode":0,"process_priority":0,"process_physics_priority":0,"process_thread_group":0,"physics_interpolation_mode":0,"auto_translate_mode":0,"editor_description":"","transform":Transform3D(-1, 0, -8.742278e-08, 0, 1, 0, 8.742278e-08, 0, -1, 0, 0, 0),"rotation_edit_mode":0,"rotation_order":2,"top_level":false,"visible":true,"visibility_parent":NodePath(""),"script":null)
,"tree":Object(AnimationTree,"unique_name_in_owner":false,"process_mode":0,"process_priority":0,"process_physics_priority":0,"process_thread_group":0,"physics_interpolation_mode":0,"auto_translate_mode":0,"editor_description":"","active":true,"deterministic":true,"reset_on_save":true,"root_node":NodePath("../model3d"),"root_motion_track":NodePath(""),"root_motion_local":false,"audio_max_polyphony":32,"callback_mode_process":1,"callback_mode_method":0,"callback_mode_discrete":2,"tree_root":Resource("res://mods-unpacked/zxcvlxd-core/src/models/skeleton/blend_tree.tres"),"advance_expression_base_node":NodePath("."),"anim_player":NodePath("../AnimationPlayer"),"parameters/StateMachine/Running/blend_position":Vector2(-0.0010649562, 0.0047392845),"parameters/StateMachine/Walking/blend_position":Vector2(0, -0.9810426),"parameters/ItemAnimationBlend/blend_amount":0.0,"script":null)
,"player":Object(AnimationPlayer,"unique_name_in_owner":false,"process_mode":0,"process_priority":0,"process_physics_priority":0,"process_thread_group":0,"physics_interpolation_mode":0,"auto_translate_mode":0,"editor_description":"","active":true,"deterministic":false,"reset_on_save":true,"root_node":NodePath("../model3d"),"root_motion_track":NodePath(""),"root_motion_local":false,"audio_max_polyphony":32,"callback_mode_process":1,"callback_mode_method":0,"callback_mode_discrete":1,"libraries/animation_library":Resource("res://mods-unpacked/zxcvlxd-core/src/models/skeleton/animation_library.tres"),"autoplay":&"","playback_auto_capture":true,"playback_auto_capture_duration":-1.0,"playback_auto_capture_transition_type":0,"playback_auto_capture_ease_type":0,"playback_default_blend_time":0.0,"speed_scale":1.0,"movie_quit_on_finish":false,"blend_times":[],"script":null)
,"skeleton":Object(Skeleton3D,"unique_name_in_owner":false,"process_mode":0,"process_priority":0,"process_physics_priority":0,"process_thread_group":0,"physics_interpolation_mode":0,"auto_translate_mode":0,"editor_description":"","transform":Transform3D(1, 0, 0, 0, 1, 0, 0, 0, 1, 0, 0, 0),"rotation_edit_mode":0,"rotation_order":2,"top_level":false,"visible":true,"visibility_parent":NodePath(""),"motion_scale":1.0,"show_rest_only":false,"modifier_callback_mode_process":1,"animate_physical_bones":true,"bones/0/name":"hips","bones/0/parent":-1,"bones/0/rest":Transform3D(1, -1.4210855e-14, 2.3841858e-07, 2.3278255e-07, -0.21614766, -0.9763607, 5.1533625e-08, 0.97636074, -0.21614765, 0, 0.0484343, 0.8861195),"bones/0/enabled":true,"bones/0/position":Vector3(0, 0.0484343, 0.8861195),"bones/0/rotation":Quaternion(0.77979094, 7.462982e-08, 9.295833e-08, 0.62604004),"bones/0/scale":Vector3(1, 1, 0.99999994),"bones/1/name":"spine","bones/1/parent":0,"bones/1/rest":Transform3D(1, 1.0732031e-07, 2.5520107e-08, -1.0732031e-07, 0.89296114, 0.45013395, 2.5520052e-08, -0.45013404, 0.89296097, -4.929721e-16, 0.132465, 2.067675e-09),"bones/1/enabled":true,"bones/1/position":Vector3(-8.881784e-16, 0.13246499, 3.7252903e-09),"bones/1/rotation":Quaternion(-0.21557933, 0.005268126, 0.01652374, 0.97633237),"bones/1/scale":Vector3(1, 1, 0.99999994),"bones/2/name":"chest","bones/2/parent":1,"bones/2/rest":Transform3D(1, -5.4351496e-08, 6.2777867e-09, 5.435149e-08, 0.97366893, -0.22796667, 6.2778427e-09, 0.22796667, 0.97366893, 3.4898433e-15, 0.1329274, -1.0912174e-08),"bones/2/enabled":true,"bones/2/position":Vector3(3.5527137e-15, 0.1329274, -1.1175871e-08),"bones/2/rotation":Quaternion(0.14659572, 0.0067504523, 0.032570813, 0.9886371),"bones/2/scale":Vector3(1, 1, 1),"bones/3/name":"neck","bones/3/parent":2,"bones/3/rest":Transform3D(1, -6.5959114e-08, 9.30547e-09, 6.5959114e-08, 0.96097, -0.27665257, 9.305483e-09, 0.27665257, 0.96097, -2.4086472e-15, 0.31073633, 1.7469786e-09),"bones/3/enabled":true,"bones/3/position":Vector3(8.881784e-16, 0.3107364, -3.7252903e-09),"bones/3/rotation":Quaternion(0.16402663, -0.0003101561, 0.0020540855, 0.9864537),"bones/3/scale":Vector3(1, 0.99999994, 0.99999994),"bones/4/name":"head","bones/4/parent":3,"bones/4/rest":Transform3D(1, 6.158063e-08, 8.09001e-09, -6.158063e-08, 0.96606797, 0.2582879, 8.090034e-09, -0.25828794, 0.9660679, -6.544577e-15, 0.111805744, -4.2150208e-09),"bones/4/enabled":true,"bones/4/position":Vector3(-5.3290705e-15, 0.11180576, -9.313226e-09),"bones/4/rotation":Quaternion(-0.105797894, -0.00028730804, 0.0020603281, 0.99438554),"bones/4/scale":Vector3(1, 0.99999994, 0.99999994),"bones/5/name":"jaw","bones/5/parent":4,"bones/5/rest":Transform3D(1, -1.6858736e-07, 4.0700584e-07, 1.6858739e-07, -0.7071067, -0.70710677, 4.070059e-07, 0.7071068, -0.70710665, -8.791034e-09, 0.005995509, 0.036872305),"bones/5/enabled":true,"bones/5/position":Vector3(-8.79104e-09, 0.0059955115, 0.036872298),"bones/5/rotation":Quaternion(0.933015, 0.0016369745, 0.0012796776, 0.35983157),"bones/5/scale":Vector3(1, 1, 1),"bones/6/name":"jaw_end","bones/6/parent":5,"bones/6/rest":Transform3D(1, 0, 0, 0, 1, 0, 0, 0, 1, 0, 0.10318777, 0),"bones/6/enabled":true,"bones/6/position":Vector3(0, 0.10318777, 0),"bones/6/rotation":Quaternion(0, 0, 0, 1),"bones/6/scale":Vector3(1, 1, 1),"bones/7/name":"shoulder.L","bones/7/parent":2,"bones/7/rest":Transform3D(0.30284315, 0.95304006, 0.0005824268, -0.01810199, 0.005141258, 0.99982285, 0.95286846, -0.3028, 0.01880896, 0.016057003, 0.26257837, 0.08172761),"bones/7/enabled":true,"bones/7/position":Vector3(0.016057003, 0.2625784, 0.0817276),"bones/7/rotation":Quaternion(-0.5183612, -0.43223092, -0.5604915, 0.47992435),"bones/7/scale":Vector3(1, 0.9999999, 1),"bones/8/name":"upper_arm.L","bones/8/parent":7,"bones/8/rest":Transform3D(-0.11110711, -0.06822777, 0.9914636, -0.1726535, 0.98379487, 0.04835189, -0.9786961, -0.16580738, -0.12108635, 0.0016978926, 0.16241616, 0.003998326),"bones/8/enabled":true,"bones/8/position":Vector3(0.0016979116, 0.16241618, 0.003998202),"bones/8/rotation":Quaternion(-0.20518045, 0.70221615, -0.5732463, 0.36902872),"bones/8/scale":Vector3(0.9999999, 0.99999964, 1.0000001),"bones/9/name":"forearm.L","bones/9/parent":8,"bones/9/rest":Transform3D(0.99316245, 0.009096963, -0.11638525, -0.047763754, 0.9413589, -0.33400837, 0.106521875, 0.33728355, 0.935357, -1.071033e-07, 0.31926602, 9.279729e-09),"bones/9/enabled":true,"bones/9/position":Vector3(-6.889826e-08, 0.31926608, -4.9611437e-08),"bones/9/rotation":Quaternion(0.012786286, -0.057501014, -3.5379086e-05, 0.9982636),"bones/9/scale":Vector3(1.0000001, 0.99999964, 0.9999999),"bones/10/name":"hand.L","bones/10/parent":9,"bones/10/rest":Transform3D(0.9995673, 0.017977148, 0.023274427, -0.018857796, 0.99909264, 0.038188193, -0.022566788, -0.038610578, 0.9989996, -4.0054573e-08, 0.26767957, -2.8821924e-08),"bones/10/enabled":true,"bones/10/position":Vector3(-4.4109072e-10, 0.26767948, -1.0875485e-08),"bones/10/rotation":Quaternion(0.023226198, -0.27342921, -0.050084185, 0.9603066),"bones/10/scale":Vector3(0.9999996, 1.0000001, 1.0000001),"bones/11/name":"hand.L_end","bones/11/parent":10,"bones/11/rest":Transform3D(1, 0, 0, 0, 1, 0, 0, 0, 1, 0, 0.07033572, 0),"bones/11/enabled":true,"bones/11/position":Vector3(0, 0.07033572, 0),"bones/11/rotation":Quaternion(0, 0, 0, 1),"bones/11/scale":Vector3(1, 1, 1),"bones/12/name":"shoulder.R","bones/12/parent":2,"bones/12/rest":Transform3D(0.30284354, -0.95304, -0.0005824566, 0.018101959, 0.0051411386, 0.9998229, -0.9528683, -0.30280045, 0.018808842, -0.016057044, 0.26257837, 0.081727594),"bones/12/enabled":true,"bones/12/position":Vector3(-0.016057044, 0.2625784, 0.08172759),"bones/12/rotation":Quaternion(-0.53383493, 0.4087962, 0.5623565, 0.48131204),"bones/12/scale":Vector3(0.99999994, 0.9999999, 1),"bones/13/name":"upper_arm.R","bones/13/parent":12,"bones/13/rest":Transform3D(-0.1111071, 0.06822779, -0.99146366, 0.17265347, 0.9837951, 0.048351914, 0.97869605, -0.1658074, -0.12108636, -0.001697887, 0.16241615, 0.0039984505),"bones/13/enabled":true,"bones/13/position":Vector3(-0.00169788, 0.16241622, 0.003998465),"bones/13/rotation":Quaternion(-0.12287997, -0.76690894, 0.53596234, 0.33090135),"bones/13/scale":Vector3(0.99999964, 1, 0.9999998),"bones/14/name":"forearm.R","bones/14/parent":13,"bones/14/rest":Transform3D(0.99316245, -0.009096895, 0.116385296, 0.04776371, 0.9413592, -0.33400846, -0.10652193, 0.33728373, 0.935357, -2.3421411e-07, 0.31926608, -3.132388e-09),"bones/14/enabled":true,"bones/14/position":Vector3(-2.230428e-07, 0.3192662, 9.101434e-08),"bones/14/rotation":Quaternion(0.05829048, 0.057407804, 0.00016143268, 0.99664766),"bones/14/scale":Vector3(0.9999999, 0.99999976, 0.9999998),"bones/15/name":"hand.R","bones/15/parent":14,"bones/15/rest":Transform3D(0.99956733, -0.017977215, -0.02327442, 0.018857867, 0.9990926, 0.03818819, 0.022566779, -0.03861057, 0.9989996, 3.7487288e-07, 0.26767942, 2.4447777e-08),"bones/15/enabled":true,"bones/15/position":Vector3(2.066005e-07, 0.2676794, -1.1157176e-07),"bones/15/rotation":Quaternion(0.0029877613, 0.16294092, 0.05956915, 0.9848314),"bones/15/scale":Vector3(0.9999999, 0.9999998, 0.99999934),"bones/16/name":"hand.R_end","bones/16/parent":15,"bones/16/rest":Transform3D(1, 0, 0, 0, 1, 0, 0, 0, 1, 0, 0.07033572, 0),"bones/16/enabled":true,"bones/16/position":Vector3(0, 0.07033572, 0),"bones/16/rotation":Quaternion(0, 0, 0, 1),"bones/16/scale":Vector3(1, 1, 1),"bones/17/name":"thigh.L","bones/17/parent":0,"bones/17/rest":Transform3D(1, -3.4594482e-08, 2.3217959e-07, 1.9068468e-08, -0.97384155, -0.22722663, 2.3396834e-07, 0.22722797, -0.9738358, 0.116422564, 0.061317824, 0.02488881),"bones/17/enabled":true,"bones/17/position":Vector3(0.116422564, 0.06131784, 0.024888806),"bones/17/rotation":Quaternion(0.96812105, 0.06127891, -0.14266364, 0.19655488),"bones/17/scale":Vector3(1, 0.99999994, 0.9999941),"bones/18/name":"shin.L","bones/18/parent":17,"bones/18/rest":Transform3D(1, -1.9513754e-08, 1.6191063e-09, 1.9580808e-08, 0.9965755, -0.08268783, -1.1712853e-14, 0.08268784, 0.9965754, -8.434216e-09, 0.43073896, 4.5965796e-09),"bones/18/enabled":true,"bones/18/position":Vector3(-4.9162785e-09, 0.430739, -2.4759955e-10),"bones/18/rotation":Quaternion(0.15878078, -0.016030218, -0.03813747, 0.98644686),"bones/18/scale":Vector3(1, 1, 0.99999994),"bones/19/name":"foot.L","bones/19/parent":18,"bones/19/rest":Transform3D(1, 1.4210855e-14, 2.384187e-07, -2.2057634e-07, 0.37956816, 0.9251638, -9.0496144e-08, -0.9251638, 0.37956816, -1.3877788e-17, 0.44923526, -6.3594428e-09),"bones/19/enabled":true,"bones/19/position":Vector3(-7.450581e-09, 0.4492352, -2.3285243e-09),"bones/19/rotation":Quaternion(-0.5538767, -0.03609038, 0.052488677, 0.8301585),"bones/19/scale":Vector3(1, 0.99999994, 0.9999999),"bones/20/name":"toe.L","bones/20/parent":19,"bones/20/rest":Transform3D(-1, 1.0600532e-07, 3.645521e-07, -6.713546e-08, 0.89572024, -0.44461825, -3.7366857e-07, -0.44461834, -0.8957202, 7.450581e-09, 0.12702602, 2.33573e-09),"bones/20/enabled":true,"bones/20/position":Vector3(1.7159285e-09, 0.12702602, 1.214552e-09),"bones/20/rotation":Quaternion(1.2821297e-07, 0.962863, -0.2699907, -3.5951455e-08),"bones/20/scale":Vector3(1, 1.0000001, 1),"bones/21/name":"toe.L_end","bones/21/parent":20,"bones/21/rest":Transform3D(1, 0, 0, 0, 1, 0, 0, 0, 1, 0, 0.058963507, 0),"bones/21/enabled":true,"bones/21/position":Vector3(0, 0.058963507, 0),"bones/21/rotation":Quaternion(0, 0, 0, 1),"bones/21/scale":Vector3(1, 1, 1),"bones/22/name":"thigh.R","bones/22/parent":0,"bones/22/rest":Transform3D(1, -3.4594485e-08, 2.3217964e-07, 1.906847e-08, -0.97384155, -0.22722666, 2.3396836e-07, 0.22722797, -0.97383595, -0.11642258, 0.061317824, 0.024888752),"bones/22/enabled":true,"bones/22/position":Vector3(-0.11642258, 0.06131784, 0.024888748),"bones/22/rotation":Quaternion(0.9911259, 0.034609135, 0.08685039, 0.09449179),"bones/22/scale":Vector3(1, 0.99999994, 0.9999942),"bones/23/name":"shin.R","bones/23/parent":22,"bones/23/rest":Transform3D(1, -1.9513754e-08, 1.6191061e-09, 1.9580806e-08, 0.9965756, -0.08268783, -1.1712853e-14, 0.08268785, 0.9965754, -9.836353e-10, 0.43073896, 4.4958375e-09),"bones/23/enabled":true,"bones/23/position":Vector3(2.5343012e-09, 0.43073896, 7.1325584e-10),"bones/23/rotation":Quaternion(0.08597139, 0.084194854, 0.029478025, 0.9922959),"bones/23/scale":Vector3(1, 1.0000001, 1),"bones/24/name":"foot.R","bones/24/parent":23,"bones/24/rest":Transform3D(1, 1.4210855e-14, -2.384187e-07, 2.2057634e-07, 0.37956816, 0.9251638, 9.0496165e-08, -0.9251638, 0.37956816, 7.450579e-09, 0.44923523, -2.0390962e-09),"bones/24/enabled":true,"bones/24/position":Vector3(7.450581e-09, 0.4492352, 9.315354e-10),"bones/24/rotation":Quaternion(-0.5794094, 0.02609806, -0.020466184, 0.8143616),"bones/24/scale":Vector3(1, 0.99999994, 0.99999994),"bones/25/name":"toe.R","bones/25/parent":24,"bones/25/rest":Transform3D(-1, -1.06005295e-07, -3.6455205e-07, 6.713544e-08, 0.89572, -0.44461823, 3.7366854e-07, -0.44461823, -0.8957201, -7.4505793e-09, 0.12702599, 7.2257595e-09),"bones/25/enabled":true,"bones/25/position":Vector3(-1.7159267e-09, 0.127026, 4.9399844e-09),"bones/25/rotation":Quaternion(-1.600571e-07, 0.9571534, -0.2895815, -8.226635e-08),"bones/25/scale":Vector3(1, 0.99999994, 1),"bones/26/name":"toe.R_end","bones/26/parent":25,"bones/26/rest":Transform3D(1, 0, 0, 0, 1, 0, 0, 0, 1, 0, 0.058963507, 0),"bones/26/enabled":true,"bones/26/position":Vector3(0, 0.058963507, 0),"bones/26/rotation":Quaternion(0, 0, 0, 1),"bones/26/scale":Vector3(1, 1, 1),"script":null)
,"_events":Dictionary[String, Resource("res://addons/simusdev/eventbus/SD_Event.gd")]({}),"metadata/_custom_type_script":"uid://pf622qfdiljm","metadata/SimusNetIdentity":SubResource("Resource_3jt8f"),"metadata/SimusNetRPCConfigHandler":Object(RefCounted,"script":Resource("res://addons/simusdev/SimusNet/singletons/SimusNetRPCConfigHandler.gd"),"_list_by_name":Dictionary[StringName, Resource("res://addons/simusdev/SimusNet/singletons/SimusNetRPCConfig.gd")]({
&"local_play_item_animation": null,
&"local_stop_item_animation": null
}),"_list_by_unique_id":Dictionary[int, Resource("res://addons/simusdev/SimusNet/singletons/SimusNetRPCConfig.gd")]({
0: null,
1: null
}),"_callables":Dictionary[StringName, Callable]({
&"local_play_item_animation": Callable(),
&"local_stop_item_animation": Callable()
}),"_object":Object(Node3D,"unique_name_in_owner":false,"process_mode":0,"process_priority":0,"process_physics_priority":0,"process_thread_group":0,"physics_interpolation_mode":0,"auto_translate_mode":0,"editor_description":"","transform":Transform3D(1, 0, 0, 0, 1, 0, 0, 0, 1, 0, 0, 0),"rotation_edit_mode":0,"rotation_order":2,"top_level":false,"visible":true,"visibility_parent":NodePath(""),"script":Resource("res://mods-unpacked/zxcvlxd-core/src/scripts/animation/BaseAnimatedModel.gd"),"actor_state_machine":Object(Node,"unique_name_in_owner":false,"process_mode":0,"process_priority":0,"process_physics_priority":0,"process_thread_group":0,"physics_interpolation_mode":0,"auto_translate_mode":0,"editor_description":"","script":ExtResource("2_y7wft"),"networked":true,"metadata/_custom_type_script":"uid://cfilme5kxn4sj")
,"tree_state_machine_path":&"parameters/StateMachine/playback","tree_state_machine":null,"_process_properties":Array[Resource("res://mods-unpacked/zxcvlxd-core/src/scripts/animation/AnimatedModelProperty.gd")]([null, null]),"_physics_properties":Array[Resource("res://mods-unpacked/zxcvlxd-core/src/scripts/animation/AnimatedModelProperty.gd")]([]),"actor_blend_position":Vector2(0, 0),"actor_velocity":Vector3(0, 0, 0),"root":Object(CharacterBody3D,"unique_name_in_owner":false,"process_mode":0,"process_priority":0,"process_physics_priority":0,"process_thread_group":0,"physics_interpolation_mode":0,"auto_translate_mode":0,"editor_description":"","transform":Transform3D(1, 0, 0, 0, 1, 0, 0, 0, 1, 0, 0, 0),"rotation_edit_mode":0,"rotation_order":2,"top_level":false,"visible":true,"visibility_parent":NodePath(""),"disable_mode":0,"collision_layer":1,"collision_mask":1,"collision_priority":1.0,"input_ray_pickable":true,"input_capture_on_drag":false,"axis_lock_linear_x":false,"axis_lock_linear_y":false,"axis_lock_linear_z":false,"axis_lock_angular_x":false,"axis_lock_angular_y":false,"axis_lock_angular_z":false,"motion_mode":0,"up_direction":Vector3(0, 1, 0),"slide_on_ceiling":true,"velocity":Vector3(0, 0, 0),"max_slides":6,"wall_min_slide_angle":0.2617994,"floor_stop_on_slope":true,"floor_constant_speed":false,"floor_block_on_wall":true,"floor_max_angle":0.7853982,"floor_snap_length":0.1,"platform_on_leave":0,"platform_floor_layers":4294967295,"platform_wall_layers":0,"safe_margin":0.001,"script":ExtResource("1_s4s1d"),"metadata/_custom_type_script":"uid://dr7jl33gul3i1")
,"model_scene":Resource("res://mods-unpacked/zxcvlxd-core/src/models/skeleton/skeleton.fbx"),"library":Resource("res://mods-unpacked/zxcvlxd-core/src/models/skeleton/animation_library.tres"),"blend_tree":Resource("res://mods-unpacked/zxcvlxd-core/src/models/skeleton/blend_tree.tres"),"setup_model":false,"model":Object(Node3D,"unique_name_in_owner":false,"process_mode":0,"process_priority":0,"process_physics_priority":0,"process_thread_group":0,"physics_interpolation_mode":0,"auto_translate_mode":0,"editor_description":"","transform":Transform3D(-1, 0, -8.742278e-08, 0, 1, 0, 8.742278e-08, 0, -1, 0, 0, 0),"rotation_edit_mode":0,"rotation_order":2,"top_level":false,"visible":true,"visibility_parent":NodePath(""),"script":null)
,"tree":Object(AnimationTree,"unique_name_in_owner":false,"process_mode":0,"process_priority":0,"process_physics_priority":0,"process_thread_group":0,"physics_interpolation_mode":0,"auto_translate_mode":0,"editor_description":"","active":true,"deterministic":true,"reset_on_save":true,"root_node":NodePath("../model3d"),"root_motion_track":NodePath(""),"root_motion_local":false,"audio_max_polyphony":32,"callback_mode_process":1,"callback_mode_method":0,"callback_mode_discrete":2,"tree_root":Resource("res://mods-unpacked/zxcvlxd-core/src/models/skeleton/blend_tree.tres"),"advance_expression_base_node":NodePath("."),"anim_player":NodePath("../AnimationPlayer"),"parameters/StateMachine/Running/blend_position":Vector2(-0.0010649562, 0.0047392845),"parameters/StateMachine/Walking/blend_position":Vector2(0, -0.9810426),"parameters/ItemAnimationBlend/blend_amount":0.0,"script":null)
,"player":Object(AnimationPlayer,"unique_name_in_owner":false,"process_mode":0,"process_priority":0,"process_physics_priority":0,"process_thread_group":0,"physics_interpolation_mode":0,"auto_translate_mode":0,"editor_description":"","active":true,"deterministic":false,"reset_on_save":true,"root_node":NodePath("../model3d"),"root_motion_track":NodePath(""),"root_motion_local":false,"audio_max_polyphony":32,"callback_mode_process":1,"callback_mode_method":0,"callback_mode_discrete":1,"libraries/animation_library":Resource("res://mods-unpacked/zxcvlxd-core/src/models/skeleton/animation_library.tres"),"autoplay":&"","playback_auto_capture":true,"playback_auto_capture_duration":-1.0,"playback_auto_capture_transition_type":0,"playback_auto_capture_ease_type":0,"playback_default_blend_time":0.0,"speed_scale":1.0,"movie_quit_on_finish":false,"blend_times":[],"script":null)
